0.0,-1.4277117823950751,-1.4005852585295466,0.0,2297.6744444444444,14.80625,0
0.01,-1.4277117823950751,-1.4005852585295466,0.0,2297.6601673266205,14.792244147414705,0.0
0.02,-1.4277117823950751,-1.4005852585295466,0.0,2297.6458902087966,14.778238294829409,0.0
0.03,-1.4277117823950751,-1.4005852585295466,0.0,2297.6316130909727,14.764232442244113,0.0
0.04,-1.4277117823950751,-1.4005852585295466,0.0,2297.617335973149,14.750226589658817,0.0
0.05,-1.4277117823950751,-1.4005852585295466,0.0,2297.603058855325,14.736220737073522,0.0
0.06,-1.4277117823950751,-1.4005852585295466,0.0,2297.588781737501,14.722214884488226,0.0
0.07,-1.4277117823950751,-1.4005852585295466,0.0,2297.574504619677,14.70820903190293,0.0
0.08,-1.4277117823950751,-1.4005852585295466,0.0,2297.560227501853,14.694203179317634,0.0
0.09,-1.4277117823950751,-1.4005852585295466,0.0,2297.5459503840293,14.680197326732339,0.0
0.1,-1.4277117823950751,-1.4005852585295466,0.0,2297.5316732662054,14.666191474147043,0.0
0.11,-1.4277117823950751,-1.4005852585295466,0.0,2297.5173961483815,14.652185621561747,0.0
0.12,-1.4277117823950751,-1.4005852585295466,0.0,2297.5031190305576,14.638179768976451,0.0
0.13,-1.4277117823950751,-1.4005852585295466,0.0,2297.4888419127337,14.624173916391156,0.0
0.14,-1.4277117823950751,-1.4005852585295466,0.0,2297.47456479491,14.61016806380586,0.0
0.15,-1.4277117823950751,-1.4005852585295466,0.0,2297.460287677086,14.596162211220564,0.0
0.16,-1.4277117823950751,-1.4005852585295466,0.0,2297.446010559262,14.582156358635268,0.0
0.17,-1.4277117823950751,-1.4005852585295466,0.0,2297.431733441438,14.568150506049973,0.0
0.18,-1.4277117823950751,-1.4005852585295466,0.0,2297.4174563236143,14.554144653464677,0.0
0.19,-1.4277117823950751,-1.4005852585295466,0.0,2297.4031792057904,14.540138800879381,0.0
0.2,-1.4277117823950751,-1.4005852585295466,0.0,2297.3889020879665,14.526132948294086,0.0
0.21,-1.4277117823950751,-1.4005852585295466,0.0,2297.3746249701426,14.51212709570879,0.0
0.22,-1.4277117823950751,-1.4005852585295466,0.0,2297.3603478523187,14.498121243123494,0.0
0.23,-1.4277117823950751,-1.4005852585295466,0.0,2297.346070734495,14.484115390538198,0.0
0.24,-1.4277117823950751,-1.4005852585295466,0.0,2297.331793616671,14.470109537952903,0.0
0.25,-1.4277117823950751,-1.4005852585295466,0.0,2297.317516498847,14.456103685367607,0.0
0.26,-1.4277117823950751,-1.4005852585295466,0.0,2297.303239381023,14.442097832782311,0.0
0.27,-1.4277117823950751,-1.4005852585295466,0.0,2297.288962263199,14.428091980197015,0.0
0.28,-1.4277117823950751,-1.4005852585295466,0.0,2297.2746851453753,14.41408612761172,0.0
0.29,-1.4277117823950751,-1.4005852585295466,0.0,2297.2604080275514,14.400080275026424,0.0
0.3,-1.4277117823950751,-1.4005852585295466,0.0,2297.2461309097275,14.386074422441128,0.0
0.31,-1.4277117823950751,-1.4005852585295466,0.0,2297.2318537919036,14.372068569855832,0.0
0.32,-1.4277117823950751,-1.4005852585295466,0.0,2297.2175766740797,14.358062717270537,0.0
0.33,-1.4277117823950751,-1.4005852585295466,0.0,2297.203299556256,14.34405686468524,0.0
0.34,-1.4277117823950751,-1.4005852585295466,0.0,2297.189022438432,14.330051012099945,0.0
0.35000000000000003,-1.4277117823950751,-1.4005852585295466,0.0,2297.174745320608,14.31604515951465,0.0
0.36,-1.4277117823950751,-1.4005852585295466,0.0,2297.160468202784,14.302039306929354,0.0
0.37,-1.4277117823950751,-1.4005852585295466,0.0,2297.1461910849603,14.288033454344058,0.0
0.38,-1.4277117823950751,-1.4005852585295466,0.0,2297.1319139671364,14.274027601758762,0.0
0.39,-1.4277117823950751,-1.4005852585295466,0.0,2297.1176368493125,14.260021749173466,0.0
0.4,-1.4277117823950751,-1.4005852585295466,0.0,2297.1033597314886,14.24601589658817,0.0
0.41000000000000003,-1.4277117823950751,-1.4005852585295466,0.0,2297.0890826136647,14.232010044002875,0.0
0.42,-1.4277117823950751,-1.4005852585295466,0.0,2297.074805495841,14.21800419141758,0.0
0.43,-1.4277117823950751,-1.4005852585295466,0.0,2297.060528378017,14.203998338832283,0.0
0.44,-1.4277117823950751,-1.4005852585295466,0.0,2297.046251260193,14.189992486246988,0.0
0.45,-1.4277117823950751,-1.4005852585295466,0.0,2297.031974142369,14.175986633661692,0.0
0.46,-1.4277117823950751,-1.4005852585295466,0.0,2297.017697024545,14.161980781076396,0.0
0.47000000000000003,-1.4277117823950751,-1.4005852585295466,0.0,2297.0034199067213,14.1479749284911,0.0
0.48,-1.4277117823950751,-1.4005852585295466,0.0,2296.9891427888974,14.133969075905805,0.0
0.49,-1.4277117823950751,-1.4005852585295466,0.0,2296.9748656710735,14.119963223320509,0.0
0.5,-1.4277117823950751,-1.4005852585295466,0.0,2296.9605885532496,14.105957370735213,0.0
0.51,-1.4277117823950751,-1.4005852585295466,0.0,2296.9463114354257,14.091951518149918,0.0
0.52,-1.4277117823950751,-1.4005852585295466,0.0,2296.932034317602,14.077945665564622,0.0
0.53,-1.4277117823950751,-1.4005852585295466,0.0,2296.917757199778,14.063939812979326,0.0
0.54,-1.4277117823950751,-1.4005852585295466,0.0,2296.903480081954,14.04993396039403,0.0
0.55,-1.4277117823950751,-1.4005852585295466,0.0,2296.88920296413,14.035928107808735,0.0
0.56,-1.4277117823950751,-1.4005852585295466,0.0,2296.8749258463063,14.021922255223439,0.0
0.5700000000000001,-1.4277117823950751,-1.4005852585295466,0.0,2296.8606487284824,14.007916402638143,0.0
0.58,-1.4277117823950751,-1.4005852585295466,0.0,2296.8463716106585,13.993910550052847,0.0
0.59,-1.4277117823950751,-1.4005852585295466,0.0,2296.8320944928346,13.979904697467552,0.0
0.6,-1.4277117823950751,-1.4005852585295466,0.0,2296.8178173750107,13.965898844882256,0.0
0.61,-1.4277117823950751,-1.4005852585295466,0.0,2296.803540257187,13.95189299229696,0.0
0.62,-1.4277117823950751,-1.4005852585295466,0.0,2296.789263139363,13.937887139711664,0.0
0.63,-1.4277117823950751,-1.4005852585295466,0.0,2296.774986021539,13.923881287126369,0.0
0.64,-1.4277117823950751,-1.4005852585295466,0.0,2296.760708903715,13.909875434541073,0.0
0.65,-1.4277117823950751,-1.4005852585295466,0.0,2296.746431785891,13.895869581955777,0.0
0.66,-1.4277117823950751,-1.4005852585295466,0.0,2296.7321546680673,13.881863729370481,0.0
0.67,-1.4277117823950751,-1.4005852585295466,0.0,2296.7178775502434,13.867857876785186,0.0
0.68,-1.4277117823950751,-1.4005852585295466,0.0,2296.7036004324195,13.85385202419989,0.0
0.6900000000000001,-1.4277117823950751,-1.4005852585295466,0.0,2296.6893233145956,13.839846171614594,0.0
0.7000000000000001,-1.4277117823950751,-1.4005852585295466,0.0,2296.6750461967717,13.825840319029298,0.0
0.71,-1.4277117823950751,-1.4005852585295466,0.0,2296.660769078948,13.811834466444003,0.0
0.72,-1.4277117823950751,-1.4005852585295466,0.0,2296.646491961124,13.797828613858707,0.0
0.73,-1.4277117823950751,-1.4005852585295466,0.0,2296.6322148433,13.783822761273411,0.0
0.74,-1.4277117823950751,-1.4005852585295466,0.0,2296.617937725476,13.769816908688115,0.0
0.75,-1.4277117823950751,-1.4005852585295466,0.0,2296.6036606076523,13.75581105610282,0.0
0.76,-1.4277117823950751,-1.4005852585295466,0.0,2296.5893834898284,13.741805203517524,0.0
0.77,-1.4277117823950751,-1.4005852585295466,0.0,2296.5751063720045,13.727799350932228,0.0
0.78,-1.4277117823950751,-1.4005852585295466,0.0,2296.5608292541806,13.713793498346933,0.0
0.79,-1.4277117823950751,-1.4005852585295466,0.0,2296.5465521363567,13.699787645761637,0.0
0.8,-1.4277117823950751,-1.4005852585295466,0.0,2296.532275018533,13.685781793176341,0.0
0.81,-1.4277117823950751,-1.4005852585295466,0.0,2296.517997900709,13.671775940591045,0.0
0.8200000000000001,-1.4277117823950751,-1.4005852585295466,0.0,2296.503720782885,13.65777008800575,0.0
0.8300000000000001,-1.4277117823950751,-1.4005852585295466,0.0,2296.489443665061,13.643764235420454,0.0
0.84,-1.4277117823950751,-1.4005852585295466,0.0,2296.475166547237,13.629758382835158,0.0
0.85,-1.4277117823950751,-1.4005852585295466,0.0,2296.4608894294133,13.615752530249862,0.0
0.86,-1.4277117823950751,-1.4005852585295466,0.0,2296.4466123115894,13.601746677664567,0.0
0.87,-1.4277117823950751,-1.4005852585295466,0.0,2296.4323351937655,13.58774082507927,0.0
0.88,-1.4277117823950751,-1.4005852585295466,0.0,2296.4180580759416,13.573734972493975,0.0
0.89,-1.4277117823950751,-1.4005852585295466,0.0,2296.4037809581177,13.55972911990868,0.0
0.9,-1.4277117823950751,-1.4005852585295466,0.0,2296.389503840294,13.545723267323384,0.0
0.91,-1.4277117823950751,-1.4005852585295466,0.0,2296.37522672247,13.531717414738088,0.0
0.92,-1.4277117823950751,-1.4005852585295466,0.0,2296.360949604646,13.517711562152792,0.0
0.93,-1.4277117823950751,-1.4005852585295466,0.0,2296.346672486822,13.503705709567496,0.0
0.9400000000000001,-1.4277117823950751,-1.4005852585295466,0.0,2296.3323953689983,13.4896998569822,0.0
0.9500000000000001,-1.4277117823950751,-1.4005852585295466,0.0,2296.3181182511744,13.475694004396905,0.0
0.96,-1.4277117823950751,-1.4005852585295466,0.0,2296.3038411333505,13.46168815181161,0.0
0.97,-1.4277117823950751,-1.4005852585295466,0.0,2296.2895640155266,13.447682299226313,0.0
0.98,-1.4277117823950751,-1.4005852585295466,0.0,2296.2752868977027,13.433676446641018,0.0
0.99,-1.4277117823950751,-1.4005852585295466,0.0,2296.261009779879,13.419670594055722,0.0
1.0,-1.4277117823950751,-1.4005852585295466,0.0,2296.246732662055,13.405664741470426,0.0
1.01,-1.4277117823950751,-1.4005852585295466,0.0,2296.232455544231,13.39165888888513,0.0
1.02,-1.4277117823950751,-1.4005852585295466,0.0,2296.218178426407,13.377653036299835,0.0
1.03,-1.4277117823950751,-1.4005852585295466,0.0,2296.203901308583,13.363647183714539,0.0
1.04,-1.4277117823950751,-1.4005852585295466,0.0,2296.1896241907593,13.349641331129243,0.0
1.05,-1.4277117823950751,-1.4005852585295466,0.0,2296.1753470729354,13.335635478543947,0.0
1.06,-1.4277117823950751,-1.4005852585295466,0.0,2296.1610699551115,13.321629625958652,0.0
1.07,-1.4277117823950751,-1.4005852585295466,0.0,2296.1467928372876,13.307623773373356,0.0
1.08,-1.4277117823950751,-1.4005852585295466,0.0,2296.1325157194638,13.29361792078806,0.0
1.09,-1.4277117823950751,-1.4005852585295466,0.0,2296.11823860164,13.279612068202765,0.0
1.1,-1.4277117823950751,-1.4005852585295466,0.0,2296.103961483816,13.265606215617469,0.0
1.11,-1.4277117823950751,-1.4005852585295466,0.0,2296.089684365992,13.251600363032173,0.0
1.12,-1.4277117823950751,-1.4005852585295466,0.0,2296.075407248168,13.237594510446877,0.0
1.1300000000000001,-1.4277117823950751,-1.4005852585295466,0.0,2296.0611301303443,13.223588657861582,0.0
1.1400000000000001,-1.4277117823950751,-1.4005852585295466,0.0,2296.0468530125204,13.209582805276286,0.0
1.1500000000000001,-1.4277117823950751,-1.4005852585295466,0.0,2296.0325758946965,13.19557695269099,0.0
1.16,-1.4277117823950751,-1.4005852585295466,0.0,2296.0182987768726,13.181571100105694,0.0
1.17,-1.4277117823950751,-1.4005852585295466,0.0,2296.0040216590487,13.167565247520399,0.0
1.18,-1.4277117823950751,-1.4005852585295466,0.0,2295.989744541225,13.153559394935103,0.0
1.19,-1.4277117823950751,-1.4005852585295466,0.0,2295.975467423401,13.139553542349807,0.0
1.2,-1.4277117823950751,-1.4005852585295466,0.0,2295.961190305577,13.125547689764511,0.0
1.21,-1.4277117823950751,-1.4005852585295466,0.0,2295.946913187753,13.111541837179216,0.0
1.22,-1.4277117823950751,-1.4005852585295466,0.0,2295.9326360699292,13.09753598459392,0.0
1.23,-1.4277117823950751,-1.4005852585295466,0.0,2295.9183589521053,13.083530132008624,0.0
1.24,-1.4277117823950751,-1.4005852585295466,0.0,2295.9040818342814,13.069524279423328,0.0
1.25,-1.4277117823950751,-1.4005852585295466,0.0,2295.8898047164575,13.055518426838033,0.0
1.26,-1.4277117823950751,-1.4005852585295466,0.0,2295.8755275986337,13.041512574252737,0.0
1.27,-1.4277117823950751,-1.4005852585295466,0.0,2295.8612504808098,13.027506721667441,0.0
1.28,-1.4277117823950751,-1.4005852585295466,0.0,2295.846973362986,13.013500869082145,0.0
1.29,-1.4277117823950751,-1.4005852585295466,0.0,2295.832696245162,12.99949501649685,0.0
1.3,-1.4277117823950751,-1.4005852585295466,0.0,2295.818419127338,12.985489163911554,0.0
1.31,-1.4277117823950751,-1.4005852585295466,0.0,2295.804142009514,12.971483311326258,0.0
1.32,-1.4277117823950751,-1.4005852585295466,0.0,2295.7898648916903,12.957477458740962,0.0
1.33,-1.4277117823950751,-1.4005852585295466,0.0,2295.7755877738664,12.943471606155667,0.0
1.34,-1.4277117823950751,-1.4005852585295466,0.0,2295.7613106560425,12.929465753570371,0.0
1.35,-1.4277117823950751,-1.4005852585295466,0.0,2295.7470335382186,12.915459900985075,0.0
1.36,-1.4277117823950751,-1.4005852585295466,0.0,2295.7327564203947,12.90145404839978,0.0
1.37,-1.4277117823950751,-1.4005852585295466,0.0,2295.718479302571,12.887448195814484,0.0
1.3800000000000001,-1.4277117823950751,-1.4005852585295466,0.0,2295.704202184747,12.873442343229188,0.0
1.3900000000000001,-1.4277117823950751,-1.4005852585295466,0.0,2295.689925066923,12.859436490643892,0.0
1.4000000000000001,-1.4277117823950751,-1.4005852585295466,0.0,2295.675647949099,12.845430638058597,0.0
1.41,-1.4277117823950751,-1.4005852585295466,0.0,2295.6613708312752,12.8314247854733,0.0
1.42,-1.4277117823950751,-1.4005852585295466,0.0,2295.6470937134513,12.817418932888005,0.0
1.43,-1.4277117823950751,-1.4005852585295466,0.0,2295.6328165956274,12.80341308030271,0.0
1.44,-1.4277117823950751,-1.4005852585295466,0.0,2295.6185394778036,12.789407227717414,0.0
1.45,-1.4277117823950751,-1.4005852585295466,0.0,2295.6042623599797,12.775401375132118,0.0
1.46,-1.4277117823950751,-1.4005852585295466,0.0,2295.5899852421558,12.761395522546822,0.0
1.47,-1.4277117823950751,-1.4005852585295466,0.0,2295.575708124332,12.747389669961526,0.0
1.48,-1.4277117823950751,-1.4005852585295466,0.0,2295.561431006508,12.73338381737623,0.0
1.49,-1.4277117823950751,-1.4005852585295466,0.0,2295.547153888684,12.719377964790935,0.0
1.5,-1.4277117823950751,-1.4005852585295466,0.0,2295.53287677086,12.70537211220564,0.0
1.51,-1.4277117823950751,-1.4005852585295466,0.0,2295.5185996530363,12.691366259620343,0.0
1.52,-1.4277117823950751,-1.4005852585295466,0.0,2295.5043225352124,12.677360407035048,0.0
1.53,-1.4277117823950751,-1.4005852585295466,0.0,2295.4900454173885,12.663354554449752,0.0
1.54,-1.4277117823950751,-1.4005852585295466,0.0,2295.4757682995646,12.649348701864456,0.0
1.55,-1.4277117823950751,-1.4005852585295466,0.0,2295.4614911817407,12.63534284927916,0.0
1.56,-1.4277117823950751,-1.4005852585295466,0.0,2295.447214063917,12.621336996693865,0.0
1.57,-1.4277117823950751,-1.4005852585295466,0.0,2295.432936946093,12.607331144108569,0.0
1.58,-1.4277117823950751,-1.4005852585295466,0.0,2295.418659828269,12.593325291523273,0.0
1.59,-1.4277117823950751,-1.4005852585295466,0.0,2295.404382710445,12.579319438937977,0.0
1.6,-1.4277117823950751,-1.4005852585295466,0.0,2295.3901055926212,12.565313586352682,0.0
1.61,-1.4277117823950751,-1.4005852585295466,0.0,2295.3758284747973,12.551307733767386,0.0
1.62,-1.4277117823950751,-1.4005852585295466,0.0,2295.3615513569735,12.53730188118209,0.0
1.6300000000000001,-1.4277117823950751,-1.4005852585295466,0.0,2295.3472742391496,12.523296028596794,0.0
1.6400000000000001,-1.4277117823950751,-1.4005852585295466,0.0,2295.3329971213257,12.509290176011499,0.0
1.6500000000000001,-1.4277117823950751,-1.4005852585295466,0.0,2295.3187200035018,12.495284323426203,0.0
1.6600000000000001,-1.4277117823950751,-1.4005852585295466,0.0,2295.304442885678,12.481278470840907,0.0
1.67,-1.4277117823950751,-1.4005852585295466,0.0,2295.290165767854,12.467272618255612,0.0
1.68,-1.4277117823950751,-1.4005852585295466,0.0,2295.27588865003,12.453266765670316,0.0
1.69,-1.4277117823950751,-1.4005852585295466,0.0,2295.261611532206,12.43926091308502,0.0
1.7,-1.4277117823950751,-1.4005852585295466,0.0,2295.2473344143823,12.425255060499724,0.0
1.71,-1.4277117823950751,-1.4005852585295466,0.0,2295.2330572965584,12.411249207914429,0.0
1.72,-1.4277117823950751,-1.4005852585295466,0.0,2295.2187801787345,12.397243355329133,0.0
1.73,-1.4277117823950751,-1.4005852585295466,0.0,2295.2045030609106,12.383237502743837,0.0
1.74,-1.4277117823950751,-1.4005852585295466,0.0,2295.1902259430867,12.369231650158541,0.0
1.75,-1.4277117823950751,-1.4005852585295466,0.0,2295.175948825263,12.355225797573246,0.0
1.76,-1.4277117823950751,-1.4005852585295466,0.0,2295.161671707439,12.34121994498795,0.0
1.77,-1.4277117823950751,-1.4005852585295466,0.0,2295.147394589615,12.327214092402654,0.0
1.78,-1.4277117823950751,-1.4005852585295466,0.0,2295.133117471791,12.313208239817358,0.0
1.79,-1.4277117823950751,-1.4005852585295466,0.0,2295.1188403539672,12.299202387232063,0.0
1.8,-1.4277117823950751,-1.4005852585295466,0.0,2295.1045632361433,12.285196534646767,0.0
1.81,-1.4277117823950751,-1.4005852585295466,0.0,2295.0902861183195,12.271190682061471,0.0
1.82,-1.4277117823950751,-1.4005852585295466,0.0,2295.0760090004956,12.257184829476175,0.0
1.83,-1.4277117823950751,-1.4005852585295466,0.0,2295.0617318826717,12.24317897689088,0.0
1.84,-1.4277117823950751,-1.4005852585295466,0.0,2295.0474547648478,12.229173124305584,0.0
1.85,-1.4277117823950751,-1.4005852585295466,0.0,2295.033177647024,12.215167271720288,0.0
1.86,-1.4277117823950751,-1.4005852585295466,0.0,2295.0189005292,12.201161419134992,0.0
1.87,-1.4277117823950751,-1.4005852585295466,0.0,2295.004623411376,12.187155566549697,0.0
1.8800000000000001,-1.4277117823950751,-1.4005852585295466,0.0,2294.990346293552,12.173149713964401,0.0
1.8900000000000001,-1.4277117823950751,-1.4005852585295466,0.0,2294.9760691757283,12.159143861379105,0.0
1.9000000000000001,-1.4277117823950751,-1.4005852585295466,0.0,2294.9617920579044,12.14513800879381,0.0
1.9100000000000001,-1.4277117823950751,-1.4005852585295466,0.0,2294.9475149400805,12.131132156208514,0.0
1.92,-1.4277117823950751,-1.4005852585295466,0.0,2294.9332378222566,12.117126303623218,0.0
1.93,-1.4277117823950751,-1.4005852585295466,0.0,2294.9189607044327,12.103120451037922,0.0
1.94,-1.4277117823950751,-1.4005852585295466,0.0,2294.904683586609,12.089114598452626,0.0
1.95,-1.4277117823950751,-1.4005852585295466,0.0,2294.890406468785,12.07510874586733,0.0
1.96,-1.4277117823950751,-1.4005852585295466,0.0,2294.876129350961,12.061102893282035,0.0
1.97,-1.4277117823950751,-1.4005852585295466,0.0,2294.861852233137,12.04709704069674,0.0
1.98,-1.4277117823950751,-1.4005852585295466,0.0,2294.8475751153132,12.033091188111444,0.0
1.99,-1.4277117823950751,-1.4005852585295466,0.0,2294.8332979974894,12.019085335526148,0.0
2.0,-1.4277117823950751,-1.4005852585295466,0.0,2294.8190208796655,12.005079482940852,0.0
2.0100000000000002,-1.4277117823950751,-1.4005852585295466,0.0,2294.8047437618416,11.991073630355556,0.0
2.02,-1.4277117823950751,-1.4005852585295466,0.0,2294.7904666440177,11.97706777777026,0.0
2.0300000000000002,-1.4277117823950751,-1.4005852585295466,0.0,2294.776189526194,11.963061925184965,0.0
2.04,-1.4277117823950751,-1.4005852585295466,0.0,2294.76191240837,11.949056072599669,0.0
2.05,-1.4277117823950751,-1.4005852585295466,0.0,2294.747635290546,11.935050220014373,0.0
2.06,-1.4277117823950751,-1.4005852585295466,0.0,2294.733358172722,11.921044367429078,0.0
2.07,-1.4277117823950751,-1.4005852585295466,0.0,2294.719081054898,11.907038514843782,0.0
2.08,-1.4277117823950751,-1.4005852585295466,0.0,2294.7048039370743,11.893032662258486,0.0
2.09,-1.4277117823950751,-1.4005852585295466,0.0,2294.6905268192504,11.87902680967319,0.0
2.1,-1.4277117823950751,-1.4005852585295466,0.0,2294.6762497014265,11.865020957087895,0.0
2.11,-1.4277117823950751,-1.4005852585295466,0.0,2294.6619725836026,11.851015104502599,0.0
2.12,-1.4277117823950751,-1.4005852585295466,0.0,2294.6476954657787,11.837009251917303,0.0
2.13,-1.4277117823950751,-1.4005852585295466,0.0,2294.633418347955,11.823003399332007,0.0
2.14,-1.4277117823950751,-1.4005852585295466,0.0,2294.619141230131,11.808997546746712,0.0
2.15,-1.4277117823950751,-1.4005852585295466,0.0,2294.604864112307,11.794991694161416,0.0
2.16,-1.4277117823950751,-1.4005852585295466,0.0,2294.590586994483,11.78098584157612,0.0
2.17,-1.4277117823950751,-1.4005852585295466,0.0,2294.5763098766593,11.766979988990824,0.0
2.18,-1.4277117823950751,-1.4005852585295466,0.0,2294.5620327588354,11.752974136405529,0.0
2.19,-1.4277117823950751,-1.4005852585295466,0.0,2294.5477556410115,11.738968283820233,0.0
2.2,-1.4277117823950751,-1.4005852585295466,0.0,2294.5334785231876,11.724962431234937,0.0
2.21,-1.4277117823950751,-1.4005852585295466,0.0,2294.5192014053637,11.710956578649641,0.0
2.22,-1.4277117823950751,-1.4005852585295466,0.0,2294.50492428754,11.696950726064346,0.0
2.23,-1.4277117823950751,-1.4005852585295466,0.0,2294.490647169716,11.68294487347905,0.0
2.24,-1.4277117823950751,-1.4005852585295466,0.0,2294.476370051892,11.668939020893754,0.0
2.25,-1.4277117823950751,-1.4005852585295466,0.0,2294.462092934068,11.654933168308458,0.0
2.2600000000000002,-1.4277117823950751,-1.4005852585295466,0.0,2294.447815816244,11.640927315723163,0.0
2.27,-1.4277117823950751,-1.4005852585295466,0.0,2294.4335386984203,11.626921463137867,0.0
2.2800000000000002,-1.4277117823950751,-1.4005852585295466,0.0,2294.4192615805964,11.612915610552571,0.0
2.29,-1.4277117823950751,-1.4005852585295466,0.0,2294.4049844627725,11.598909757967276,0.0
2.3000000000000003,-1.4277117823950751,-1.4005852585295466,0.0,2294.3907073449486,11.58490390538198,0.0
2.31,-1.4277117823950751,-1.4005852585295466,0.0,2294.3764302271247,11.570898052796684,0.0
2.32,-1.4277117823950751,-1.4005852585295466,0.0,2294.362153109301,11.556892200211388,0.0
2.33,-1.4277117823950751,-1.4005852585295466,0.0,2294.347875991477,11.542886347626093,0.0
2.34,-1.4277117823950751,-1.4005852585295466,0.0,2294.333598873653,11.528880495040797,0.0
2.35,-1.4277117823950751,-1.4005852585295466,0.0,2294.319321755829,11.514874642455501,0.0
2.36,-1.4277117823950751,-1.4005852585295466,0.0,2294.3050446380053,11.500868789870205,0.0
2.37,-1.4277117823950751,-1.4005852585295466,0.0,2294.2907675201814,11.48686293728491,0.0
2.38,-1.4277117823950751,-1.4005852585295466,0.0,2294.2764904023575,11.472857084699614,0.0
2.39,-1.4277117823950751,-1.4005852585295466,0.0,2294.2622132845336,11.458851232114318,0.0
2.4,-1.4277117823950751,-1.4005852585295466,0.0,2294.2479361667097,11.444845379529022,0.0
2.41,-1.4277117823950751,-1.4005852585295466,0.0,2294.233659048886,11.430839526943727,0.0
2.42,-1.4277117823950751,-1.4005852585295466,0.0,2294.219381931062,11.41683367435843,0.0
2.43,-1.4277117823950751,-1.4005852585295466,0.0,2294.205104813238,11.402827821773135,0.0
2.44,-1.4277117823950751,-1.4005852585295466,0.0,2294.190827695414,11.38882196918784,0.0
2.45,-1.4277117823950751,-1.4005852585295466,0.0,2294.17655057759,11.374816116602544,0.0
2.46,-1.4277117823950751,-1.4005852585295466,0.0,2294.1622734597663,11.360810264017248,0.0
2.47,-1.4277117823950751,-1.4005852585295466,0.0,2294.1479963419424,11.346804411431952,0.0
2.48,-1.4277117823950751,-1.4005852585295466,0.0,2294.1337192241185,11.332798558846656,0.0
2.49,-1.4277117823950751,-1.4005852585295466,0.0,2294.1194421062946,11.31879270626136,0.0
2.5,-1.4277117823950751,-1.4005852585295466,0.0,2294.1051649884707,11.304786853676065,0.0
2.5100000000000002,-1.4277117823950751,-1.4005852585295466,0.0,2294.090887870647,11.29078100109077,0.0
2.52,-1.4277117823950751,-1.4005852585295466,0.0,2294.076610752823,11.276775148505473,0.0
2.5300000000000002,-1.4277117823950751,-1.4005852585295466,0.0,2294.062333634999,11.262769295920178,0.0
2.54,-1.4277117823950751,-1.4005852585295466,0.0,2294.048056517175,11.248763443334882,0.0
2.5500000000000003,-1.4277117823950751,-1.4005852585295466,0.0,2294.0337793993513,11.234757590749586,0.0
2.56,-1.4277117823950751,-1.4005852585295466,0.0,2294.0195022815274,11.22075173816429,0.0
2.57,-1.4277117823950751,-1.4005852585295466,0.0,2294.0052251637035,11.206745885578995,0.0
2.58,-1.4277117823950751,-1.4005852585295466,0.0,2293.9909480458796,11.192740032993699,0.0
2.59,-1.4277117823950751,-1.4005852585295466,0.0,2293.9766709280557,11.178734180408403,0.0
2.6,-1.4277117823950751,-1.4005852585295466,0.0,2293.962393810232,11.164728327823108,0.0
2.61,-1.4277117823950751,-1.4005852585295466,0.0,2293.948116692408,11.150722475237812,0.0
2.62,-1.4277117823950751,-1.4005852585295466,0.0,2293.933839574584,11.136716622652516,0.0
2.63,-1.4277117823950751,-1.4005852585295466,0.0,2293.91956245676,11.12271077006722,0.0
2.64,-1.4277117823950751,-1.4005852585295466,0.0,2293.905285338936,11.108704917481925,0.0
2.65,-1.4277117823950751,-1.4005852585295466,0.0,2293.8910082211123,11.094699064896629,0.0
2.66,-1.4277117823950751,-1.4005852585295466,0.0,2293.8767311032884,11.080693212311333,0.0
2.67,-1.4277117823950751,-1.4005852585295466,0.0,2293.8624539854645,11.066687359726037,0.0
2.68,-1.4277117823950751,-1.4005852585295466,0.0,2293.8481768676406,11.052681507140742,0.0
2.69,-1.4277117823950751,-1.4005852585295466,0.0,2293.8338997498167,11.038675654555446,0.0
2.7,-1.4277117823950751,-1.4005852585295466,0.0,2293.819622631993,11.02466980197015,0.0
2.71,-1.4277117823950751,-1.4005852585295466,0.0,2293.805345514169,11.010663949384854,0.0
2.72,-1.4277117823950751,-1.4005852585295466,0.0,2293.791068396345,10.996658096799559,0.0
2.73,-1.4277117823950751,-1.4005852585295466,0.0,2293.776791278521,10.982652244214263,0.0
2.74,-1.4277117823950751,-1.4005852585295466,0.0,2293.7625141606973,10.968646391628967,0.0
2.75,-1.4277117823950751,-1.4005852585295466,0.0,2293.7482370428734,10.954640539043671,0.0
2.7600000000000002,-1.4277117823950751,-1.4005852585295466,0.0,2293.7339599250495,10.940634686458376,0.0
2.77,-1.4277117823950751,-1.4005852585295466,0.0,2293.7196828072256,10.92662883387308,0.0
2.7800000000000002,-1.4277117823950751,-1.4005852585295466,0.0,2293.7054056894017,10.912622981287784,0.0
2.79,-1.4277117823950751,-1.4005852585295466,0.0,2293.691128571578,10.898617128702488,0.0
2.8000000000000003,-1.4277117823950751,-1.4005852585295466,0.0,2293.676851453754,10.884611276117193,0.0
2.81,-1.4277117823950751,-1.4005852585295466,0.0,2293.66257433593,10.870605423531897,0.0
2.82,-1.4277117823950751,-1.4005852585295466,0.0,2293.648297218106,10.856599570946601,0.0
2.83,-1.4277117823950751,-1.4005852585295466,0.0,2293.634020100282,10.842593718361305,0.0
2.84,-1.4277117823950751,-1.4005852585295466,0.0,2293.6197429824583,10.82858786577601,0.0
2.85,-1.4277117823950751,-1.4005852585295466,0.0,2293.6054658646344,10.814582013190714,0.0
2.86,-1.4277117823950751,-1.4005852585295466,0.0,2293.5911887468105,10.800576160605418,0.0
2.87,-1.4277117823950751,-1.4005852585295466,0.0,2293.5769116289866,10.786570308020123,0.0
2.88,-1.4277117823950751,-1.4005852585295466,0.0,2293.5626345111627,10.772564455434827,0.0
2.89,-1.4277117823950751,-1.4005852585295466,0.0,2293.548357393339,10.758558602849531,0.0
2.9,-1.4277117823950751,-1.4005852585295466,0.0,2293.534080275515,10.744552750264235,0.0
2.91,-1.4277117823950751,-1.4005852585295466,0.0,2293.519803157691,10.73054689767894,0.0
2.92,-1.4277117823950751,-1.4005852585295466,0.0,2293.505526039867,10.716541045093644,0.0
2.93,-1.4277117823950751,-1.4005852585295466,0.0,2293.4912489220433,10.702535192508348,0.0
2.94,-1.4277117823950751,-1.4005852585295466,0.0,2293.4769718042194,10.688529339923052,0.0
2.95,-1.4277117823950751,-1.4005852585295466,0.0,2293.4626946863955,10.674523487337757,0.0
2.96,-1.4277117823950751,-1.4005852585295466,0.0,2293.4484175685716,10.66051763475246,0.0
2.97,-1.4277117823950751,-1.4005852585295466,0.0,2293.4341404507477,10.646511782167165,0.0
2.98,-1.4277117823950751,-1.4005852585295466,0.0,2293.419863332924,10.63250592958187,0.0
2.99,-1.4277117823950751,-1.4005852585295466,0.0,2293.4055862151,10.618500076996574,0.0
3.0,-1.4277117823950751,-1.4005852585295466,0.0,2293.391309097276,10.604494224411278,0.0
3.0100000000000002,-1.4277117823950751,-1.4005852585295466,0.0,2293.377031979452,10.590488371825982,0.0
3.02,-1.4277117823950751,-1.4005852585295466,0.0,2293.362754861628,10.576482519240686,0.0
3.0300000000000002,-1.4277117823950751,-1.4005852585295466,0.0,2293.3484777438043,10.56247666665539,0.0
3.04,-1.4277117823950751,-1.4005852585295466,0.0,2293.3342006259804,10.548470814070095,0.0
3.0500000000000003,-1.4277117823950751,-1.4005852585295466,0.0,2293.3199235081565,10.5344649614848,0.0
3.06,-1.4277117823950751,-1.4005852585295466,0.0,2293.3056463903326,10.520459108899503,0.0
3.0700000000000003,-1.4277117823950751,-1.4005852585295466,0.0,2293.2913692725087,10.506453256314208,0.0
3.08,-1.4277117823950751,-1.4005852585295466,0.0,2293.277092154685,10.492447403728912,0.0
3.09,-1.4277117823950751,-1.4005852585295466,0.0,2293.262815036861,10.478441551143616,0.0
3.1,-1.4277117823950751,-1.4005852585295466,0.0,2293.248537919037,10.46443569855832,0.0
3.11,-1.4277117823950751,-1.4005852585295466,0.0,2293.234260801213,10.450429845973025,0.0
3.12,-1.4277117823950751,-1.4005852585295466,0.0,2293.2199836833893,10.436423993387729,0.0
3.13,-1.4277117823950751,-1.4005852585295466,0.0,2293.2057065655654,10.422418140802433,0.0
3.14,-1.4277117823950751,-1.4005852585295466,0.0,2293.1914294477415,10.408412288217137,0.0
3.15,-1.4277117823950751,-1.4005852585295466,0.0,2293.1771523299176,10.394406435631842,0.0
3.16,-1.4277117823950751,-1.4005852585295466,0.0,2293.1628752120937,10.380400583046546,0.0
3.17,-1.4277117823950751,-1.4005852585295466,0.0,2293.14859809427,10.36639473046125,0.0
3.18,-1.4277117823950751,-1.4005852585295466,0.0,2293.134320976446,10.352388877875955,0.0
3.19,-1.4277117823950751,-1.4005852585295466,0.0,2293.120043858622,10.338383025290659,0.0
3.2,-1.4277117823950751,-1.4005852585295466,0.0,2293.105766740798,10.324377172705363,0.0
3.21,-1.4277117823950751,-1.4005852585295466,0.0,2293.091489622974,10.310371320120067,0.0
3.22,-1.4277117823950751,-1.4005852585295466,0.0,2293.0772125051503,10.296365467534772,0.0
3.23,-1.4277117823950751,-1.4005852585295466,0.0,2293.0629353873264,10.282359614949476,0.0
3.24,-1.4277117823950751,-1.4005852585295466,0.0,2293.0486582695025,10.26835376236418,0.0
3.25,-1.4277117823950751,-1.4005852585295466,0.0,2293.0343811516786,10.254347909778884,0.0
3.2600000000000002,-1.4277117823950751,-1.4005852585295466,0.0,2293.0201040338548,10.240342057193589,0.0
3.27,-1.4277117823950751,-1.4005852585295466,0.0,2293.005826916031,10.226336204608293,0.0
3.2800000000000002,-1.4277117823950751,-1.4005852585295466,0.0,2292.991549798207,10.212330352022997,0.0
3.29,-1.4277117823950751,-1.4005852585295466,0.0,2292.977272680383,10.198324499437701,0.0
3.3000000000000003,-1.4277117823950751,-1.4005852585295466,0.0,2292.962995562559,10.184318646852406,0.0
3.31,-1.4277117823950751,-1.4005852585295466,0.0,2292.9487184447353,10.17031279426711,0.0
3.3200000000000003,-1.4277117823950751,-1.4005852585295466,0.0,2292.9344413269114,10.156306941681814,0.0
3.33,-1.4277117823950751,-1.4005852585295466,0.0,2292.9201642090875,10.142301089096518,0.0
3.34,-1.4277117823950751,-1.4005852585295466,0.0,2292.9058870912636,10.128295236511223,0.0
3.35,-1.4277117823950751,-1.4005852585295466,0.0,2292.8916099734397,10.114289383925927,0.0
3.36,-1.4277117823950751,-1.4005852585295466,0.0,2292.877332855616,10.100283531340631,0.0
3.37,-1.4277117823950751,-1.4005852585295466,0.0,2292.863055737792,10.086277678755335,0.0
3.38,-1.4277117823950751,-1.4005852585295466,0.0,2292.848778619968,10.07227182617004,0.0
3.39,-1.4277117823950751,-1.4005852585295466,0.0,2292.834501502144,10.058265973584744,0.0
3.4,-1.4277117823950751,-1.4005852585295466,0.0,2292.82022438432,10.044260120999448,0.0
3.41,-1.4277117823950751,-1.4005852585295466,0.0,2292.8059472664963,10.030254268414152,0.0
3.42,-1.4277117823950751,-1.4005852585295466,0.0,2292.7916701486724,10.016248415828857,0.0
3.43,-1.4277117823950751,-1.4005852585295466,0.0,2292.7773930308485,10.002242563243561,0.0
3.44,-1.4277117823950751,-1.4005852585295466,0.0,2292.7631159130246,9.988236710658265,0.0
3.45,-1.4277117823950751,-1.4005852585295466,0.0,2292.7488387952008,9.97423085807297,0.0
3.46,-1.4277117823950751,-1.4005852585295466,0.0,2292.734561677377,9.960225005487674,0.0
3.47,-1.4277117823950751,-1.4005852585295466,0.0,2292.720284559553,9.946219152902378,0.0
3.48,-1.4277117823950751,-1.4005852585295466,0.0,2292.706007441729,9.932213300317082,0.0
3.49,-1.4277117823950751,-1.4005852585295466,0.0,2292.691730323905,9.918207447731787,0.0
3.5,-1.4277117823950751,-1.4005852585295466,0.0,2292.6774532060813,9.90420159514649,0.0
3.5100000000000002,-1.4277117823950751,-1.4005852585295466,0.0,2292.6631760882574,9.890195742561195,0.0
3.52,-1.4277117823950751,-1.4005852585295466,0.0,2292.6488989704335,9.8761898899759,0.0
3.5300000000000002,-1.4277117823950751,-1.4005852585295466,0.0,2292.6346218526096,9.862184037390604,0.0
3.54,-1.4277117823950751,-1.4005852585295466,0.0,2292.6203447347857,9.848178184805308,0.0
3.5500000000000003,-1.4277117823950751,-1.4005852585295466,0.0,2292.606067616962,9.834172332220012,0.0
3.56,-1.4277117823950751,-1.4005852585295466,0.0,2292.591790499138,9.820166479634716,0.0
3.5700000000000003,-1.4277117823950751,-1.4005852585295466,0.0,2292.577513381314,9.80616062704942,0.0
3.58,-1.4277117823950751,-1.4005852585295466,0.0,2292.56323626349,9.792154774464125,0.0
3.59,-1.4277117823950751,-1.4005852585295466,0.0,2292.5489591456662,9.77814892187883,0.0
3.6,-1.4277117823950751,-1.4005852585295466,0.0,2292.5346820278423,9.764143069293533,0.0
3.61,-1.4277117823950751,-1.4005852585295466,0.0,2292.5204049100184,9.750137216708238,0.0
3.62,-1.4277117823950751,-1.4005852585295466,0.0,2292.5061277921945,9.736131364122942,0.0
3.63,-1.4277117823950751,-1.4005852585295466,0.0,2292.4918506743707,9.722125511537646,0.0
3.64,-1.4277117823950751,-1.4005852585295466,0.0,2292.4775735565468,9.70811965895235,0.0
3.65,-1.4277117823950751,-1.4005852585295466,0.0,2292.463296438723,9.694113806367055,0.0
3.66,-1.4277117823950751,-1.4005852585295466,0.0,2292.449019320899,9.680107953781759,0.0
3.67,-1.4277117823950751,-1.4005852585295466,0.0,2292.434742203075,9.666102101196463,0.0
3.68,-1.4277117823950751,-1.4005852585295466,0.0,2292.420465085251,9.652096248611167,0.0
3.69,-1.4277117823950751,-1.4005852585295466,0.0,2292.4061879674273,9.638090396025872,0.0
3.7,-1.4277117823950751,-1.4005852585295466,0.0,2292.3919108496034,9.624084543440576,0.0
3.71,-1.4277117823950751,-1.4005852585295466,0.0,2292.3776337317795,9.61007869085528,0.0
3.72,-1.4277117823950751,-1.4005852585295466,0.0,2292.3633566139556,9.596072838269984,0.0
3.73,-1.4277117823950751,-1.4005852585295466,0.0,2292.3490794961317,9.582066985684689,0.0
3.74,-1.4277117823950751,-1.4005852585295466,0.0,2292.334802378308,9.568061133099393,0.0
3.75,-1.4277117823950751,-1.4005852585295466,0.0,2292.320525260484,9.554055280514097,0.0
3.7600000000000002,-1.4277117823950751,-1.4005852585295466,0.0,2292.30624814266,9.540049427928802,0.0
3.77,-1.4277117823950751,-1.4005852585295466,0.0,2292.291971024836,9.526043575343506,0.0
3.7800000000000002,-1.4277117823950751,-1.4005852585295466,0.0,2292.2776939070122,9.51203772275821,0.0
3.79,-1.4277117823950751,-1.4005852585295466,0.0,2292.2634167891883,9.498031870172914,0.0
3.8000000000000003,-1.4277117823950751,-1.4005852585295466,0.0,2292.2491396713644,9.484026017587619,0.0
3.81,-1.4277117823950751,-1.4005852585295466,0.0,2292.2348625535406,9.470020165002323,0.0
3.8200000000000003,-1.4277117823950751,-1.4005852585295466,0.0,2292.2205854357167,9.456014312417027,0.0
3.83,-1.4277117823950751,-1.4005852585295466,0.0,2292.2063083178928,9.442008459831731,0.0
3.84,-1.4277117823950751,-1.4005852585295466,0.0,2292.192031200069,9.428002607246436,0.0
3.85,-1.4277117823950751,-1.4005852585295466,0.0,2292.177754082245,9.41399675466114,0.0
3.86,-1.4277117823950751,-1.4005852585295466,0.0,2292.163476964421,9.399990902075844,0.0
3.87,-1.4277117823950751,-1.4005852585295466,0.0,2292.149199846597,9.385985049490548,0.0
3.88,-1.4277117823950751,-1.4005852585295466,0.0,2292.1349227287733,9.371979196905253,0.0
3.89,-1.4277117823950751,-1.4005852585295466,0.0,2292.1206456109494,9.357973344319957,0.0
3.9,-1.4277117823950751,-1.4005852585295466,0.0,2292.1063684931255,9.343967491734661,0.0
3.91,-1.4277117823950751,-1.4005852585295466,0.0,2292.0920913753016,9.329961639149365,0.0
3.92,-1.4277117823950751,-1.4005852585295466,0.0,2292.0778142574777,9.31595578656407,0.0
3.93,-1.4277117823950751,-1.4005852585295466,0.0,2292.063537139654,9.301949933978774,0.0
3.94,-1.4277117823950751,-1.4005852585295466,0.0,2292.04926002183,9.287944081393478,0.0
3.95,-1.4277117823950751,-1.4005852585295466,0.0,2292.034982904006,9.273938228808182,0.0
3.96,-1.4277117823950751,-1.4005852585295466,0.0,2292.020705786182,9.259932376222887,0.0
3.97,-1.4277117823950751,-1.4005852585295466,0.0,2292.0064286683582,9.245926523637591,0.0
3.98,-1.4277117823950751,-1.4005852585295466,0.0,2291.9921515505343,9.231920671052295,0.0
3.99,-1.4277117823950751,-1.4005852585295466,0.0,2291.9778744327105,9.217914818467,0.0
4.0,-1.4277117823950751,-1.4005852585295466,0.0,2291.9635973148866,9.203908965881704,0.0
4.01,-1.4277117823950751,-1.4005852585295466,0.0,2291.9493201970627,9.189903113296408,0.0
4.0200000000000005,-1.4277117823950751,-1.4005852585295466,0.0,2291.9350430792388,9.175897260711112,0.0
4.03,-1.4277117823950751,-1.4005852585295466,0.0,2291.920765961415,9.161891408125816,0.0
4.04,-1.4277117823950751,-1.4005852585295466,0.0,2291.906488843591,9.14788555554052,0.0
4.05,-1.4277117823950751,-1.4005852585295466,0.0,2291.892211725767,9.133879702955225,0.0
4.0600000000000005,-1.4277117823950751,-1.4005852585295466,0.0,2291.877934607943,9.11987385036993,0.0
4.07,-1.4277117823950751,-1.4005852585295466,0.0,2291.8636574901193,9.105867997784634,0.0
4.08,-1.4277117823950751,-1.4005852585295466,0.0,2291.8493803722954,9.091862145199338,0.0
4.09,-1.4277117823950751,-1.4005852585295466,0.0,2291.8351032544715,9.077856292614042,0.0
4.1,-1.4277117823950751,-1.4005852585295466,0.0,2291.8208261366476,9.063850440028746,0.0
4.11,-1.4277117823950751,-1.4005852585295466,0.0,2291.8065490188237,9.04984458744345,0.0
4.12,-1.4277117823950751,-1.4005852585295466,0.0,2291.792271901,9.035838734858155,0.0
4.13,-1.4277117823950751,-1.4005852585295466,0.0,2291.777994783176,9.021832882272859,0.0
4.14,-1.4277117823950751,-1.4005852585295466,0.0,2291.763717665352,9.007827029687563,0.0
4.15,-1.4277117823950751,-1.4005852585295466,0.0,2291.749440547528,8.993821177102268,0.0
4.16,-1.4277117823950751,-1.4005852585295466,0.0,2291.7351634297042,8.979815324516972,0.0
4.17,-1.4277117823950751,-1.4005852585295466,0.0,2291.7208863118803,8.965809471931676,0.0
4.18,-1.4277117823950751,-1.4005852585295466,0.0,2291.7066091940565,8.95180361934638,0.0
4.19,-1.4277117823950751,-1.4005852585295466,0.0,2291.6923320762326,8.937797766761085,0.0
4.2,-1.4277117823950751,-1.4005852585295466,0.0,2291.6780549584087,8.923791914175789,0.0
4.21,-1.4277117823950751,-1.4005852585295466,0.0,2291.6637778405848,8.909786061590493,0.0
4.22,-1.4277117823950751,-1.4005852585295466,0.0,2291.649500722761,8.895780209005197,0.0
4.23,-1.4277117823950751,-1.4005852585295466,0.0,2291.635223604937,8.881774356419902,0.0
4.24,-1.4277117823950751,-1.4005852585295466,0.0,2291.620946487113,8.867768503834606,0.0
4.25,-1.4277117823950751,-1.4005852585295466,0.0,2291.606669369289,8.85376265124931,0.0
4.26,-1.4277117823950751,-1.4005852585295466,0.0,2291.5923922514653,8.839756798664014,0.0
4.2700000000000005,-1.4277117823950751,-1.4005852585295466,0.0,2291.5781151336414,8.825750946078719,0.0
4.28,-1.4277117823950751,-1.4005852585295466,0.0,2291.5638380158175,8.811745093493423,0.0
4.29,-1.4277117823950751,-1.4005852585295466,0.0,2291.5495608979936,8.797739240908127,0.0
4.3,-1.4277117823950751,-1.4005852585295466,0.0,2291.5352837801697,8.783733388322831,0.0
4.3100000000000005,-1.4277117823950751,-1.4005852585295466,0.0,2291.521006662346,8.769727535737536,0.0
4.32,-1.4277117823950751,-1.4005852585295466,0.0,2291.506729544522,8.75572168315224,0.0
4.33,-1.4277117823950751,-1.4005852585295466,0.0,2291.492452426698,8.741715830566944,0.0
4.34,-1.4277117823950751,-1.4005852585295466,0.0,2291.478175308874,8.727709977981648,0.0
4.3500000000000005,-1.4277117823950751,-1.4005852585295466,0.0,2291.4638981910502,8.713704125396353,0.0
4.36,-1.4277117823950751,-1.4005852585295466,0.0,2291.4496210732264,8.699698272811057,0.0
4.37,-1.4277117823950751,-1.4005852585295466,0.0,2291.4353439554025,8.685692420225761,0.0
4.38,-1.4277117823950751,-1.4005852585295466,0.0,2291.4210668375786,8.671686567640466,0.0
4.39,-1.4277117823950751,-1.4005852585295466,0.0,2291.4067897197547,8.65768071505517,0.0
4.4,-1.4277117823950751,-1.4005852585295466,0.0,2291.392512601931,8.643674862469874,0.0
4.41,-1.4277117823950751,-1.4005852585295466,0.0,2291.378235484107,8.629669009884578,0.0
4.42,-1.4277117823950751,-1.4005852585295466,0.0,2291.363958366283,8.615663157299283,0.0
4.43,-1.4277117823950751,-1.4005852585295466,0.0,2291.349681248459,8.601657304713987,0.0
4.44,-1.4277117823950751,-1.4005852585295466,0.0,2291.335404130635,8.587651452128691,0.0
4.45,-1.4277117823950751,-1.4005852585295466,0.0,2291.3211270128113,8.573645599543395,0.0
4.46,-1.4277117823950751,-1.4005852585295466,0.0,2291.3068498949874,8.5596397469581,0.0
4.47,-1.4277117823950751,-1.4005852585295466,0.0,2291.2925727771635,8.545633894372804,0.0
4.48,-1.4277117823950751,-1.4005852585295466,0.0,2291.2782956593396,8.531628041787508,0.0
4.49,-1.4277117823950751,-1.4005852585295466,0.0,2291.2640185415157,8.517622189202212,0.0
4.5,-1.4277117823950751,-1.4005852585295466,0.0,2291.249741423692,8.503616336616917,0.0
4.51,-1.4277117823950751,-1.4005852585295466,0.0,2291.235464305868,8.48961048403162,0.0
4.5200000000000005,-1.4277117823950751,-1.4005852585295466,0.0,2291.221187188044,8.475604631446325,0.0
4.53,-1.4277117823950751,-1.4005852585295466,0.0,2291.20691007022,8.46159877886103,0.0
4.54,-1.4277117823950751,-1.4005852585295466,0.0,2291.1926329523963,8.447592926275734,0.0
4.55,-1.4277117823950751,-1.4005852585295466,0.0,2291.1783558345724,8.433587073690438,0.0
4.5600000000000005,-1.4277117823950751,-1.4005852585295466,0.0,2291.1640787167485,8.419581221105142,0.0
4.57,-1.4277117823950751,-1.4005852585295466,0.0,2291.1498015989246,8.405575368519846,0.0
4.58,-1.4277117823950751,-1.4005852585295466,0.0,2291.1355244811007,8.39156951593455,0.0
4.59,-1.4277117823950751,-1.4005852585295466,0.0,2291.121247363277,8.377563663349255,0.0
4.6000000000000005,-1.4277117823950751,-1.4005852585295466,0.0,2291.106970245453,8.36355781076396,0.0
4.61,-1.4277117823950751,-1.4005852585295466,0.0,2291.092693127629,8.349551958178663,0.0
4.62,-1.4277117823950751,-1.4005852585295466,0.0,2291.078416009805,8.335546105593368,0.0
4.63,-1.4277117823950751,-1.4005852585295466,0.0,2291.064138891981,8.321540253008072,0.0
4.64,-1.4277117823950751,-1.4005852585295466,0.0,2291.0498617741573,8.307534400422776,0.0
4.65,-1.4277117823950751,-1.4005852585295466,0.0,2291.0355846563334,8.29352854783748,0.0
4.66,-1.4277117823950751,-1.4005852585295466,0.0,2291.0213075385095,8.279522695252185,0.0
4.67,-1.4277117823950751,-1.4005852585295466,0.0,2291.0070304206856,8.265516842666889,0.0
4.68,-1.4277117823950751,-1.4005852585295466,0.0,2290.9927533028617,8.251510990081593,0.0
4.69,-1.4277117823950751,-1.4005852585295466,0.0,2290.978476185038,8.237505137496298,0.0
4.7,-1.4277117823950751,-1.4005852585295466,0.0,2290.964199067214,8.223499284911002,0.0
4.71,-1.4277117823950751,-1.4005852585295466,0.0,2290.94992194939,8.209493432325706,0.0
4.72,-1.4277117823950751,-1.4005852585295466,0.0,2290.935644831566,8.19548757974041,0.0
4.73,-1.4277117823950751,-1.4005852585295466,0.0,2290.9213677137423,8.181481727155115,0.0
4.74,-1.4277117823950751,-1.4005852585295466,0.0,2290.9070905959184,8.167475874569819,0.0
4.75,-1.4277117823950751,-1.4005852585295466,0.0,2290.8928134780945,8.153470021984523,0.0
4.76,-1.4277117823950751,-1.4005852585295466,0.0,2290.8785363602706,8.139464169399227,0.0
4.7700000000000005,-1.4277117823950751,-1.4005852585295466,0.0,2290.8642592424467,8.125458316813932,0.0
4.78,-1.4277117823950751,-1.4005852585295466,0.0,2290.849982124623,8.111452464228636,0.0
4.79,-1.4277117823950751,-1.4005852585295466,0.0,2290.835705006799,8.09744661164334,0.0
4.8,-1.4277117823950751,-1.4005852585295466,0.0,2290.821427888975,8.083440759058044,0.0
4.8100000000000005,-1.4277117823950751,-1.4005852585295466,0.0,2290.807150771151,8.069434906472749,0.0
4.82,-1.4277117823950751,-1.4005852585295466,0.0,2290.792873653327,8.055429053887453,0.0
4.83,-1.4277117823950751,-1.4005852585295466,0.0,2290.7785965355033,8.041423201302157,0.0
4.84,-1.4277117823950751,-1.4005852585295466,0.0,2290.7643194176794,8.027417348716861,0.0
4.8500000000000005,-1.4277117823950751,-1.4005852585295466,0.0,2290.7500422998555,8.013411496131566,0.0
4.86,-1.4277117823950751,-1.4005852585295466,0.0,2290.7357651820316,7.99940564354627,0.0
4.87,-1.4277117823950751,-1.4005852585295466,0.0,2290.7214880642077,7.985399790960974,0.0
4.88,-1.4277117823950751,-1.4005852585295466,0.0,2290.707210946384,7.9713939383756784,0.0
4.89,-1.4277117823950751,-1.4005852585295466,0.0,2290.69293382856,7.957388085790383,0.0
4.9,-1.4277117823950751,-1.4005852585295466,0.0,2290.678656710736,7.943382233205087,0.0
4.91,-1.4277117823950751,-1.4005852585295466,0.0,2290.664379592912,7.929376380619791,0.0
4.92,-1.4277117823950751,-1.4005852585295466,0.0,2290.6501024750883,7.9153705280344955,0.0
4.93,-1.4277117823950751,-1.4005852585295466,0.0,2290.6358253572644,7.9013646754492,0.0
4.94,-1.4277117823950751,-1.4005852585295466,0.0,2290.6215482394405,7.887358822863904,0.0
4.95,-1.4277117823950751,-1.4005852585295466,0.0,2290.6072711216166,7.873352970278608,0.0
4.96,-1.4277117823950751,-1.4005852585295466,0.0,2290.5929940037927,7.8593471176933125,0.0
4.97,-1.4277117823950751,-1.4005852585295466,0.0,2290.578716885969,7.845341265108017,0.0
4.98,-1.4277117823950751,-1.4005852585295466,0.0,2290.564439768145,7.831335412522721,0.0
4.99,-1.4277117823950751,-1.4005852585295466,0.0,2290.550162650321,7.817329559937425,0.0
5.0,-1.4277117823950751,-1.4005852585295466,0.0,2290.535885532497,7.8033237073521295,0.0
5.01,-1.4277117823950751,-1.4005852585295466,0.0,2290.521608414673,7.789317854766834,0.0
5.0200000000000005,-1.4277117823950751,-1.4005852585295466,0.0,2290.5073312968493,7.775312002181538,0.0
5.03,-1.4277117823950751,-1.4005852585295466,0.0,2290.4930541790254,7.761306149596242,0.0
5.04,-1.4277117823950751,-1.4005852585295466,0.0,2290.4787770612015,7.747300297010947,0.0
5.05,-1.4277117823950751,-1.4005852585295466,0.0,2290.4644999433776,7.733294444425651,0.0
5.0600000000000005,-1.4277117823950751,-1.4005852585295466,0.0,2290.4502228255537,7.719288591840355,0.0
5.07,-1.4277117823950751,-1.4005852585295466,0.0,2290.43594570773,7.705282739255059,0.0
5.08,-1.4277117823950751,-1.4005852585295466,0.0,2290.421668589906,7.691276886669764,0.0
5.09,-1.4277117823950751,-1.4005852585295466,0.0,2290.407391472082,7.677271034084468,0.0
5.1000000000000005,-1.4277117823950751,-1.4005852585295466,0.0,2290.393114354258,7.663265181499172,0.0
5.11,-1.4277117823950751,-1.4005852585295466,0.0,2290.3788372364343,7.649259328913876,0.0
5.12,-1.4277117823950751,-1.4005852585295466,0.0,2290.3645601186104,7.635253476328581,0.0
5.13,-1.4277117823950751,-1.4005852585295466,0.0,2290.3502830007865,7.621247623743285,0.0
5.14,-1.4277117823950751,-1.4005852585295466,0.0,2290.3360058829626,7.607241771157989,0.0
5.15,-1.4277117823950751,-1.4005852585295466,0.0,2290.3217287651387,7.593235918572693,0.0
5.16,-1.4277117823950751,-1.4005852585295466,0.0,2290.307451647315,7.579230065987398,0.0
5.17,-1.4277117823950751,-1.4005852585295466,0.0,2290.293174529491,7.565224213402102,0.0
5.18,-1.4277117823950751,-1.4005852585295466,0.0,2290.278897411667,7.551218360816806,0.0
5.19,-1.4277117823950751,-1.4005852585295466,0.0,2290.264620293843,7.5372125082315105,0.0
5.2,-1.4277117823950751,-1.4005852585295466,0.0,2290.250343176019,7.523206655646215,0.0
5.21,-1.4277117823950751,-1.4005852585295466,0.0,2290.2360660581953,7.509200803060919,0.0
5.22,-1.4277117823950751,-1.4005852585295466,0.0,2290.2217889403714,7.495194950475623,0.0
5.23,-1.4277117823950751,-1.4005852585295466,0.0,2290.2075118225475,7.4811890978903275,0.0
5.24,-1.4277117823950751,-1.4005852585295466,0.0,2290.1932347047236,7.467183245305032,0.0
5.25,-1.4277117823950751,-1.4005852585295466,0.0,2290.1789575868997,7.453177392719736,0.0
5.26,-1.4277117823950751,-1.4005852585295466,0.0,2290.164680469076,7.43917154013444,0.0
5.2700000000000005,-1.4277117823950751,-1.4005852585295466,0.0,2290.150403351252,7.4251656875491445,0.0
5.28,-1.4277117823950751,-1.4005852585295466,0.0,2290.136126233428,7.411159834963849,0.0
5.29,-1.4277117823950751,-1.4005852585295466,0.0,2290.121849115604,7.397153982378553,0.0
5.3,-1.4277117823950751,-1.4005852585295466,0.0,2290.1075719977803,7.383148129793257,0.0
5.3100000000000005,-1.4277117823950751,-1.4005852585295466,0.0,2290.0932948799564,7.3691422772079616,0.0
5.32,-1.4277117823950751,-1.4005852585295466,0.0,2290.0790177621325,7.355136424622666,0.0
5.33,-1.4277117823950751,-1.4005852585295466,0.0,2290.0647406443086,7.34113057203737,0.0
5.34,-1.4277117823950751,-1.4005852585295466,0.0,2290.0504635264847,7.327124719452074,0.0
5.3500000000000005,-1.4277117823950751,-1.4005852585295466,0.0,2290.036186408661,7.313118866866779,0.0
5.36,-1.4277117823950751,-1.4005852585295466,0.0,2290.021909290837,7.299113014281483,0.0
5.37,-1.4277117823950751,-1.4005852585295466,0.0,2290.007632173013,7.285107161696187,0.0
5.38,-1.4277117823950751,-1.4005852585295466,0.0,2289.993355055189,7.271101309110891,0.0
5.39,-1.4277117823950751,-1.4005852585295466,0.0,2289.979077937365,7.257095456525596,0.0
5.4,-1.4277117823950751,-1.4005852585295466,0.0,2289.9648008195413,7.2430896039403,0.0
5.41,-1.4277117823950751,-1.4005852585295466,0.0,2289.9505237017174,7.229083751355004,0.0
5.42,-1.4277117823950751,-1.4005852585295466,0.0,2289.9362465838935,7.215077898769708,0.0
5.43,-1.4277117823950751,-1.4005852585295466,0.0,2289.9219694660696,7.201072046184413,0.0
5.44,-1.4277117823950751,-1.4005852585295466,0.0,2289.9076923482457,7.187066193599117,0.0
5.45,-1.4277117823950751,-1.4005852585295466,0.0,2289.893415230422,7.173060341013821,0.0
5.46,-1.4277117823950751,-1.4005852585295466,0.0,2289.879138112598,7.159054488428525,0.0
5.47,-1.4277117823950751,-1.4005852585295466,0.0,2289.864860994774,7.14504863584323,0.0
5.48,-1.4277117823950751,-1.4005852585295466,0.0,2289.85058387695,7.131042783257934,0.0
5.49,-1.4277117823950751,-1.4005852585295466,0.0,2289.8363067591263,7.117036930672638,0.0
5.5,-1.4277117823950751,-1.4005852585295466,0.0,2289.8220296413024,7.1030310780873425,0.0
5.51,-1.4277117823950751,-1.4005852585295466,0.0,2289.8077525234785,7.089025225502047,0.0
5.5200000000000005,-1.4277117823950751,-1.4005852585295466,0.0,2289.7934754056546,7.075019372916751,0.0
5.53,-1.4277117823950751,-1.4005852585295466,0.0,2289.7791982878307,7.061013520331455,0.0
5.54,-1.4277117823950751,-1.4005852585295466,0.0,2289.764921170007,7.0470076677461595,0.0
5.55,-1.4277117823950751,-1.4005852585295466,0.0,2289.750644052183,7.033001815160864,0.0
5.5600000000000005,-1.4277117823950751,-1.4005852585295466,0.0,2289.736366934359,7.018995962575568,0.0
5.57,-1.4277117823950751,-1.4005852585295466,0.0,2289.722089816535,7.004990109990272,0.0
5.58,-1.4277117823950751,-1.4005852585295466,0.0,2289.707812698711,6.9909842574049765,0.0
5.59,-1.4277117823950751,-1.4005852585295466,0.0,2289.6935355808873,6.976978404819681,0.0
5.6000000000000005,-1.4277117823950751,-1.4005852585295466,0.0,2289.6792584630634,6.962972552234385,0.0
5.61,-1.4277117823950751,-1.4005852585295466,0.0,2289.6649813452395,6.948966699649089,0.0
5.62,-1.4277117823950751,-1.4005852585295466,0.0,2289.6507042274156,6.934960847063794,0.0
5.63,-1.4277117823950751,-1.4005852585295466,0.0,2289.6364271095918,6.920954994478498,0.0
5.64,-1.4277117823950751,-1.4005852585295466,0.0,2289.622149991768,6.906949141893202,0.0
5.65,-1.4277117823950751,-1.4005852585295466,0.0,2289.607872873944,6.892943289307906,0.0
5.66,-1.4277117823950751,-1.4005852585295466,0.0,2289.59359575612,6.878937436722611,0.0
5.67,-1.4277117823950751,-1.4005852585295466,0.0,2289.579318638296,6.864931584137315,0.0
5.68,-1.4277117823950751,-1.4005852585295466,0.0,2289.5650415204723,6.850925731552019,0.0
5.69,-1.4277117823950751,-1.4005852585295466,0.0,2289.5507644026484,6.836919878966723,0.0
5.7,-1.4277117823950751,-1.4005852585295466,0.0,2289.5364872848245,6.822914026381428,0.0
5.71,-1.4277117823950751,-1.4005852585295466,0.0,2289.5222101670006,6.808908173796132,0.0
5.72,-1.4277117823950751,-1.4005852585295466,0.0,2289.5079330491767,6.794902321210836,0.0
5.73,-1.4277117823950751,-1.4005852585295466,0.0,2289.493655931353,6.78089646862554,0.0
5.74,-1.4277117823950751,-1.4005852585295466,0.0,2289.479378813529,6.766890616040245,0.0
5.75,-1.4277117823950751,-1.4005852585295466,0.0,2289.465101695705,6.752884763454949,0.0
5.76,-1.4277117823950751,-1.4005852585295466,0.0,2289.450824577881,6.738878910869653,0.0
5.7700000000000005,-1.4277117823950751,-1.4005852585295466,0.0,2289.436547460057,6.724873058284357,0.0
5.78,-1.4277117823950751,-1.4005852585295466,0.0,2289.4222703422333,6.710867205699062,0.0
5.79,-1.4277117823950751,-1.4005852585295466,0.0,2289.4079932244094,6.696861353113766,0.0
5.8,-1.4277117823950751,-1.4005852585295466,0.0,2289.3937161065855,6.68285550052847,0.0
5.8100000000000005,-1.4277117823950751,-1.4005852585295466,0.0,2289.3794389887616,6.6688496479431745,0.0
5.82,-1.4277117823950751,-1.4005852585295466,0.0,2289.3651618709378,6.654843795357879,0.0
5.83,-1.4277117823950751,-1.4005852585295466,0.0,2289.350884753114,6.640837942772583,0.0
5.84,-1.4277117823950751,-1.4005852585295466,0.0,2289.33660763529,6.626832090187287,0.0
5.8500000000000005,-1.4277117823950751,-1.4005852585295466,0.0,2289.322330517466,6.6128262376019915,0.0
5.86,-1.4277117823950751,-1.4005852585295466,0.0,2289.308053399642,6.598820385016696,0.0
5.87,-1.4277117823950751,-1.4005852585295466,0.0,2289.2937762818183,6.5848145324314,0.0
5.88,-1.4277117823950751,-1.4005852585295466,0.0,2289.2794991639944,6.570808679846104,0.0
5.89,-1.4277117823950751,-1.4005852585295466,0.0,2289.2652220461705,6.5568028272608085,0.0
5.9,-1.4277117823950751,-1.4005852585295466,0.0,2289.2509449283466,6.542796974675513,0.0
5.91,-1.4277117823950751,-1.4005852585295466,0.0,2289.2366678105227,6.528791122090217,0.0
5.92,-1.4277117823950751,-1.4005852585295466,0.0,2289.222390692699,6.514785269504921,0.0
5.93,-1.4277117823950751,-1.4005852585295466,0.0,2289.208113574875,6.500779416919626,0.0
5.94,-1.4277117823950751,-1.4005852585295466,0.0,2289.193836457051,6.48677356433433,0.0
5.95,-1.4277117823950751,-1.4005852585295466,0.0,2289.179559339227,6.472767711749034,0.0
5.96,-1.4277117823950751,-1.4005852585295466,0.0,2289.1652822214032,6.458761859163738,0.0
5.97,-1.4277117823950751,-1.4005852585295466,0.0,2289.1510051035793,6.444756006578443,0.0
5.98,-1.4277117823950751,-1.4005852585295466,0.0,2289.1367279857554,6.430750153993147,0.0
5.99,-1.4277117823950751,-1.4005852585295466,0.0,2289.1224508679315,6.416744301407851,0.0
6.0,-1.4277117823950751,-1.4005852585295466,0.0,2289.1081737501077,6.402738448822555,0.0
6.01,-1.4277117823950751,-1.4005852585295466,0.0,2289.0938966322838,6.38873259623726,0.0
6.0200000000000005,-1.4277117823950751,-1.4005852585295466,0.0,2289.07961951446,6.374726743651964,0.0
6.03,-1.4277117823950751,-1.4005852585295466,0.0,2289.065342396636,6.360720891066668,0.0
6.04,-1.4277117823950751,-1.4005852585295466,0.0,2289.051065278812,6.346715038481372,0.0
6.05,-1.4277117823950751,-1.4005852585295466,0.0,2289.036788160988,6.332709185896077,0.0
6.0600000000000005,-1.4277117823950751,-1.4005852585295466,0.0,2289.0225110431643,6.318703333310781,0.0
6.07,-1.4277117823950751,-1.4005852585295466,0.0,2289.0082339253404,6.304697480725485,0.0
6.08,-1.4277117823950751,-1.4005852585295466,0.0,2288.9939568075165,6.2906916281401895,0.0
6.09,-1.4277117823950751,-1.4005852585295466,0.0,2288.9796796896926,6.276685775554894,0.0
6.1000000000000005,-1.4277117823950751,-1.4005852585295466,0.0,2288.9654025718687,6.262679922969598,0.0
6.11,-1.4277117823950751,-1.4005852585295466,0.0,2288.951125454045,6.248674070384302,0.0
6.12,-1.4277117823950751,-1.4005852585295466,0.0,2288.936848336221,6.2346682177990065,0.0
6.13,-1.4277117823950751,-1.4005852585295466,0.0,2288.922571218397,6.220662365213711,0.0
6.140000000000001,-1.4277117823950751,-1.4005852585295466,0.0,2288.908294100573,6.206656512628415,0.0
6.15,-1.4277117823950751,-1.4005852585295466,0.0,2288.8940169827492,6.192650660043119,0.0
6.16,-1.4277117823950751,-1.4005852585295466,0.0,2288.8797398649253,6.1786448074578235,0.0
6.17,-1.4277117823950751,-1.4005852585295466,0.0,2288.8654627471014,6.164638954872528,0.0
6.18,-1.4277117823950751,-1.4005852585295466,0.0,2288.8511856292776,6.150633102287232,0.0
6.19,-1.4277117823950751,-1.4005852585295466,0.0,2288.8369085114537,6.136627249701936,0.0
6.2,-1.4277117823950751,-1.4005852585295466,0.0,2288.8226313936298,6.1226213971166406,0.0
6.21,-1.4277117823950751,-1.4005852585295466,0.0,2288.808354275806,6.108615544531345,0.0
6.22,-1.4277117823950751,-1.4005852585295466,0.0,2288.794077157982,6.094609691946049,0.0
6.23,-1.4277117823950751,-1.4005852585295466,0.0,2288.779800040158,6.080603839360753,0.0
6.24,-1.4277117823950751,-1.4005852585295466,0.0,2288.765522922334,6.066597986775458,0.0
6.25,-1.4277117823950751,-1.4005852585295466,0.0,2288.7512458045103,6.052592134190162,0.0
6.26,-1.4277117823950751,-1.4005852585295466,0.0,2288.7369686866864,6.038586281604866,0.0
6.2700000000000005,-1.4277117823950751,-1.4005852585295466,0.0,2288.7226915688625,6.02458042901957,0.0
6.28,-1.4277117823950751,-1.4005852585295466,0.0,2288.7084144510386,6.010574576434275,0.0
6.29,-1.4277117823950751,-1.4005852585295466,0.0,2288.6941373332147,5.996568723848979,0.0
6.3,-1.4277117823950751,-1.4005852585295466,0.0,2288.679860215391,5.982562871263683,0.0
6.3100000000000005,-1.4277117823950751,-1.4005852585295466,0.0,2288.665583097567,5.968557018678387,0.0
6.32,-1.4277117823950751,-1.4005852585295466,0.0,2288.651305979743,5.954551166093092,0.0
6.33,-1.4277117823950751,-1.4005852585295466,0.0,2288.637028861919,5.940545313507796,0.0
6.34,-1.4277117823950751,-1.4005852585295466,0.0,2288.6227517440952,5.9265394609225,0.0
6.3500000000000005,-1.4277117823950751,-1.4005852585295466,0.0,2288.6084746262713,5.912533608337204,0.0
6.36,-1.4277117823950751,-1.4005852585295466,0.0,2288.5941975084475,5.898527755751909,0.0
6.37,-1.4277117823950751,-1.4005852585295466,0.0,2288.5799203906236,5.884521903166613,0.0
6.38,-1.4277117823950751,-1.4005852585295466,0.0,2288.5656432727997,5.870516050581317,0.0
6.390000000000001,-1.4277117823950751,-1.4005852585295466,0.0,2288.5513661549758,5.8565101979960215,0.0
6.4,-1.4277117823950751,-1.4005852585295466,0.0,2288.537089037152,5.842504345410726,0.0
6.41,-1.4277117823950751,-1.4005852585295466,0.0,2288.522811919328,5.82849849282543,0.0
6.42,-1.4277117823950751,-1.4005852585295466,0.0,2288.508534801504,5.814492640240134,0.0
6.43,-1.4277117823950751,-1.4005852585295466,0.0,2288.49425768368,5.8004867876548385,0.0
6.44,-1.4277117823950751,-1.4005852585295466,0.0,2288.4799805658563,5.786480935069543,0.0
6.45,-1.4277117823950751,-1.4005852585295466,0.0,2288.4657034480324,5.772475082484247,0.0
6.46,-1.4277117823950751,-1.4005852585295466,0.0,2288.4514263302085,5.758469229898951,0.0
6.47,-1.4277117823950751,-1.4005852585295466,0.0,2288.4371492123846,5.7444633773136555,0.0
6.48,-1.4277117823950751,-1.4005852585295466,0.0,2288.4228720945607,5.73045752472836,0.0
6.49,-1.4277117823950751,-1.4005852585295466,0.0,2288.408594976737,5.716451672143064,0.0
6.5,-1.4277117823950751,-1.4005852585295466,0.0,2288.394317858913,5.702445819557768,0.0
6.51,-1.4277117823950751,-1.4005852585295466,0.0,2288.380040741089,5.688439966972473,0.0
6.5200000000000005,-1.4277117823950751,-1.4005852585295466,0.0,2288.365763623265,5.674434114387177,0.0
6.53,-1.4277117823950751,-1.4005852585295466,0.0,2288.3514865054412,5.660428261801881,0.0
6.54,-1.4277117823950751,-1.4005852585295466,0.0,2288.3372093876173,5.646422409216585,0.0
6.55,-1.4277117823950751,-1.4005852585295466,0.0,2288.3229322697935,5.63241655663129,0.0
6.5600000000000005,-1.4277117823950751,-1.4005852585295466,0.0,2288.3086551519696,5.618410704045994,0.0
6.57,-1.4277117823950751,-1.4005852585295466,0.0,2288.2943780341457,5.604404851460698,0.0
6.58,-1.4277117823950751,-1.4005852585295466,0.0,2288.2801009163218,5.590398998875402,0.0
6.59,-1.4277117823950751,-1.4005852585295466,0.0,2288.265823798498,5.576393146290107,0.0
6.6000000000000005,-1.4277117823950751,-1.4005852585295466,0.0,2288.251546680674,5.562387293704811,0.0
6.61,-1.4277117823950751,-1.4005852585295466,0.0,2288.23726956285,5.548381441119515,0.0
6.62,-1.4277117823950751,-1.4005852585295466,0.0,2288.222992445026,5.534375588534219,0.0
6.63,-1.4277117823950751,-1.4005852585295466,0.0,2288.2087153272023,5.520369735948924,0.0
6.640000000000001,-1.4277117823950751,-1.4005852585295466,0.0,2288.1944382093784,5.506363883363628,0.0
6.65,-1.4277117823950751,-1.4005852585295466,0.0,2288.1801610915545,5.492358030778332,0.0
6.66,-1.4277117823950751,-1.4005852585295466,0.0,2288.1658839737306,5.478352178193036,0.0
6.67,-1.4277117823950751,-1.4005852585295466,0.0,2288.1516068559067,5.464346325607741,0.0
6.68,-1.4277117823950751,-1.4005852585295466,0.0,2288.137329738083,5.450340473022445,0.0
6.69,-1.4277117823950751,-1.4005852585295466,0.0,2288.123052620259,5.436334620437149,0.0
6.7,-1.4277117823950751,-1.4005852585295466,0.0,2288.108775502435,5.4223287678518535,0.0
6.71,-1.4277117823950751,-1.4005852585295466,0.0,2288.094498384611,5.408322915266558,0.0